timestamp: 2025-11-10T16:26:27.368471
epochs: 100
batch_size: 64
accuracy: 0.9598420755781162
precision: 0.938207699773536
recall: 0.9461663947797716
f1_score: 0.9421702404158544
roc_auc: 0.9920266355403049
model_parameters: 71681
